40.0000
38.3589
34.7785
31.0013
26.0935
20.5569
14.3407
7.6763
0.6615
-6.4670
-13.3698
-19.5878
-24.6089
-27.9900
-29.4780
-29.0734
-27.0113
-23.6726
-19.4704
-14.7580
-9.7932
-4.7567
0.1978
4.9000
9.1481
12.7296
15.4625
17.2316
18.0053
17.8266
16.7918
15.0287
12.6876
9.9414
6.9876
4.0397
1.3048
-1.0469
-2.9082
-4.2441
-5.0812
-5.4820
-5.5180
-5.2542
-4.7480
-4.0604
-3.2664
-2.4578
-1.7323
-1.1757
-0.8447
-0.7589
-0.9035
-1.2407
-1.7198
-2.2847
-2.8758
-3.4318
-3.8940
-4.2150
-4.3665
-4.3401
-4.1385
-3.7593
-3.1805
-2.3608
-1.2579
0.1380
1.7717
3.5081
5.1484
6.4744
7.3068
7.5531
7.2265
6.4278
5.3021
3.9897
2.5933
1.1729
-0.2344
-1.5868
-2.8200
-3.8495
-4.5927
-4.9976
-5.0616
-4.8311
-4.3827
-3.7965
-3.1360
-2.4423
-1.7433
-1.0683
-0.4568
0.0448
0.3970
0.5825
0.6138
0.5278
0.3704
0.1816
-0.0125
-0.1944
-0.3438
-0.4272
-0.3988
-0.2137
0.1514
0.6829
1.3267
2.0026
2.6273
3.1361
3.4937
3.6893
3.7232
3.5928
3.2882
2.8000
2.1328
1.3159
0.4038
-0.5354
-1.4371
-2.2529
-2.9538
-3.5217
-3.9376
-4.1753
-4.2060
-4.0128
-3.6056
-3.0278
-2.3482
-1.6405
-0.9623
-0.3420
0.2178
0.7242
1.1758
1.5528
1.8225
1.9564
1.9483
1.8222
1.6244
1.4042
1.1944
1.0032
0.8225
0.6465
0.4889
0.3858
0.3817
0.5044
0.7439
1.0484
1.3406
1.5480
1.6285
1.5797
1.4263
1.1946
0.8902
0.4943
-0.0188
-0.6528
-1.3682
-2.0824
-2.6957
-3.1283
-3.3500
-3.3837
-3.2815
-3.0874
-2.8100
-2.4223
-1.8906
-1.1765
-0.3030
0.6599
1.7612